// The following tests with a metal prod
8363192,2023-05-21T18:22:44,1684693364,738008564
8363192,2023-05-21T18:22:45,1684693365,738008565
8363192,2023-05-21T18:22:46,1684693366,738008566
8363192,2023-05-21T18:22:50,1684693370,738008570
8363192,2023-05-21T18:22:53,1684693373,738008573
8363192,2023-05-21T18:22:55,1684693375,738008575
8363192,2023-05-22T03:57:02,1684727822,738043022
8363192,2023-05-22T03:59:33,1684727973,738043173
8363192,2023-05-22T04:04:27,1684728267,738043467
8363192,2023-05-22T04:22:39,1684729359,738044559
8363192,2023-05-22T04:28:21,1684729701,738044901
8363192,2023-05-22T04:32:59,1684729979,738045179
8363192,2023-05-22T04:35:35,1684730135,738045335
8363192,2023-05-22T04:38:22,1684730302,738045502
8363192,2023-05-22T04:43:32,1684730612,738045812
8363192,2023-05-22T04:49:32,1684730972,738046172
8363192,2023-05-22T04:51:05,1684731065,738046265
8363192,2023-05-22T04:52:40,1684731160,738046360
8363192,2023-05-22T04:55:57,1684731357,738046557
8363192,2023-05-22T04:59:33,1684731573,738046773
8363192,2023-05-22T05:04:06,1684731846,738047046
8363192,2023-05-22T05:08:34,1684732114,738047314
8363192,2023-05-22T05:18:03,1684732683,738047883
8363192,2023-05-22T06:01:28,1684735288,738050488
// This should be real rain data
8363192,2023-06-09T05:20:11,1686288011,739603211
8363192,2023-06-09T05:47:29,1686289649,739604849
8363192,2023-06-09T06:05:04,1686290704,739605904
8363192,2023-06-09T06:44:02,1686293042,739608242
8363192,2023-06-09T07:51:25,1686297085,739612285
8363192,2023-06-09T08:00:05,1686297605,739612805
8363192,2023-06-09T08:07:27,1686298047,739613247
8363192,2023-06-09T08:23:06,1686298986,739614186
8363192,2023-06-09T08:29:52,1686299392,739614592
8363192,2023-06-09T08:35:56,1686299756,739614956
8363192,2023-06-09T08:43:39,1686300219,739615419
8363192,2023-06-09T08:49:32,1686300572,739615772
8363192,2023-06-09T08:56:51,1686301011,739616211
8363192,2023-06-09T09:05:51,1686301551,739616751
8363192,2023-06-09T09:19:42,1686302382,739617582
8363192,2023-06-09T09:32:54,1686303174,739618374
8363192,2023-06-09T09:48:41,1686304121,739619321
8363192,2023-06-09T10:21:58,1686306118,739621318
8363192,2023-06-09T14:32:14,1686321134,739636334
8363192,2023-06-09T14:36:09,1686321369,739636569
8363192,2023-06-09T14:42:34,1686321754,739636954
8363192,2023-06-09T15:11:37,1686323497,739638697
8363192,2023-06-09T15:31:19,1686324679,739639879
8363192,2023-06-09T16:06:43,1686326803,739642003
8363192,2023-06-09T16:25:22,1686327922,739643122
8363192,2023-06-09T16:51:23,1686329483,739644683
8363192,2023-06-09T17:29:12,1686331752,739646952
8363192,2023-06-09T17:45:57,1686332757,739647957
8363192,2023-06-09T20:00:29,1686340829,739656029
8363192,2023-06-09T22:45:38,1686350738,739665938
8363192,2023-06-09T22:55:35,1686351335,739666535
8363192,2023-06-09T23:06:26,1686351986,739667186
8363192,2023-06-10T01:02:18,1686358938,739674138
8363192,2023-06-10T01:29:37,1686360577,739675777
8363192,2023-06-10T01:38:37,1686361117,739676317
8363192,2023-06-10T01:41:16,1686361276,739676476
8363192,2023-06-10T01:43:01,1686361381,739676581
8363192,2023-06-10T01:45:01,1686361501,739676701
8363192,2023-06-10T01:47:51,1686361671,739676871
8363192,2023-06-10T01:52:46,1686361966,739677166
8363192,2023-06-10T02:10:07,1686363007,739678207
8363192,2023-06-10T02:22:16,1686363736,739678936
8363192,2023-06-10T02:32:20,1686364340,739679540
8363192,2023-06-10T02:59:10,1686365950,739681150
8363192,2023-06-10T03:03:20,1686366200,739681400
8363192,2023-06-10T03:07:17,1686366437,739681637
8363192,2023-06-10T03:12:34,1686366754,739681954
8363192,2023-06-10T03:17:00,1686367020,739682220
8363192,2023-06-10T03:21:17,1686367277,739682477
8363192,2023-06-10T03:25:45,1686367545,739682745
8363192,2023-06-10T03:29:24,1686367764,739682964
8363192,2023-06-10T03:32:25,1686367945,739683145
8363192,2023-06-10T03:35:27,1686368127,739683327
8363192,2023-06-10T03:38:46,1686368326,739683526
8363192,2023-06-10T03:42:06,1686368526,739683726
8363192,2023-06-10T03:48:34,1686368914,739684114
8363192,2023-06-10T04:16:20,1686370580,739685780
8363192,2023-06-10T06:32:23,1686378743,739693943
8363192,2023-06-10T06:52:03,1686379923,739695123
8363192,2023-06-10T07:09:36,1686380976,739696176
8363192,2023-06-10T09:33:03,1686389583,739704783
8363192,2023-06-10T09:40:18,1686390018,739705218
8363192,2023-06-10T09:46:21,1686390381,739705581
8363192,2023-06-10T09:59:42,1686391182,739706382
8363192,2023-06-10T10:14:48,1686392088,739707288
8363192,2023-06-10T10:19:50,1686392390,739707590
8363192,2023-06-10T10:23:28,1686392608,739707808
8363192,2023-06-10T10:27:35,1686392855,739708055
8363192,2023-06-10T10:31:21,1686393081,739708281
8363192,2023-06-10T10:36:05,1686393365,739708565
8363192,2023-06-10T10:42:25,1686393745,739708945
8363192,2023-06-10T10:54:45,1686394485,739709685
8363192,2023-06-10T11:27:11,1686396431,739711631
8363192,2023-06-10T11:48:21,1686397701,739712901
8363192,2023-06-10T11:51:51,1686397911,739713111
8363192,2023-06-10T11:55:37,1686398137,739713337
8363192,2023-06-10T12:08:45,1686398925,739714125
// The following is manual water pouring and metal prodding.
8363192,2023-06-12T21:27:50,1686605270,739920470
8363192,2023-06-12T21:28:08,1686605288,739920488
8363192,2023-06-12T21:28:35,1686605315,739920515
8363192,2023-06-12T21:28:45,1686605325,739920525
8363192,2023-06-12T21:28:47,1686605327,739920527
8363192,2023-06-12T21:28:48,1686605328,739920528
8363192,2023-06-12T21:28:51,1686605331,739920531
8363192,2023-06-12T21:28:51,1686605331,739920531
8363192,2023-06-12T21:28:59,1686605339,739920539
8363192,2023-06-12T21:29:00,1686605340,739920540
8363192,2023-06-12T21:29:02,1686605342,739920542
8363192,2023-06-12T21:29:04,1686605344,739920544
8363192,2023-06-12T21:29:05,1686605345,739920545
8363192,2023-06-12T21:29:07,1686605347,739920547
8363192,2023-06-12T21:29:08,1686605348,739920548
8363192,2023-06-12T21:29:11,1686605351,739920551
8363192,2023-06-12T21:29:14,1686605354,739920554
8363192,2023-06-12T21:29:16,1686605356,739920556
8363192,2023-06-12T21:29:46,1686605386,739920586
8363192,2023-06-12T21:32:25,1686605545,739920745
8363192,2023-06-12T21:32:25,1686605545,739920745
8363192,2023-06-12T21:32:25,1686605545,739920745
8363192,2023-06-12T21:32:25,1686605545,739920745
8363192,2023-06-12T21:32:26,1686605546,739920746
8363192,2023-06-12T21:32:26,1686605546,739920746
8363192,2023-06-12T21:32:26,1686605546,739920746
8363192,2023-06-12T21:32:35,1686605555,739920755
// The following was done with 500ml of water. Approximately 100 activations
8363192,2023-06-12T21:37:49,1686605869,739921069
8363192,2023-06-12T21:37:51,1686605871,739921071
8363192,2023-06-12T21:37:54,1686605874,739921074
8363192,2023-06-12T21:37:56,1686605876,739921076
8363192,2023-06-12T21:37:59,1686605879,739921079
8363192,2023-06-12T21:38:01,1686605881,739921081
8363192,2023-06-12T21:38:02,1686605882,739921082
8363192,2023-06-12T21:38:05,1686605885,739921085
8363192,2023-06-12T21:38:07,1686605887,739921087
8363192,2023-06-12T21:38:09,1686605889,739921089
8363192,2023-06-12T21:38:12,1686605892,739921092
8363192,2023-06-12T21:38:13,1686605893,739921093
8363192,2023-06-12T21:38:15,1686605895,739921095
8363192,2023-06-12T21:38:18,1686605898,739921098
8363192,2023-06-12T21:38:20,1686605900,739921100
8363192,2023-06-12T21:38:21,1686605901,739921101
8363192,2023-06-12T21:38:22,1686605902,739921102
8363192,2023-06-12T21:38:24,1686605904,739921104
8363192,2023-06-12T21:38:25,1686605905,739921105
8363192,2023-06-12T21:38:27,1686605907,739921107
8363192,2023-06-12T21:38:29,1686605909,739921109
8363192,2023-06-12T21:38:31,1686605911,739921111
8363192,2023-06-12T21:38:34,1686605914,739921114
8363192,2023-06-12T21:38:35,1686605915,739921115
8363192,2023-06-12T21:38:36,1686605916,739921116
8363192,2023-06-12T21:38:38,1686605918,739921118
8363192,2023-06-12T21:38:39,1686605919,739921119
8363192,2023-06-12T21:38:41,1686605921,739921121
8363192,2023-06-12T21:38:42,1686605922,739921122
8363192,2023-06-12T21:38:44,1686605924,739921124
8363192,2023-06-12T21:38:46,1686605926,739921126
8363192,2023-06-12T21:38:48,1686605928,739921128
8363192,2023-06-12T21:38:49,1686605929,739921129
8363192,2023-06-12T21:38:50,1686605930,739921130
8363192,2023-06-12T21:38:52,1686605932,739921132
8363192,2023-06-12T21:38:53,1686605933,739921133
8363192,2023-06-12T21:38:55,1686605935,739921135
8363192,2023-06-12T21:38:56,1686605936,739921136
8363192,2023-06-12T21:38:57,1686605937,739921137
8363192,2023-06-12T21:38:58,1686605938,739921138
8363192,2023-06-12T21:38:59,1686605939,739921139
8363192,2023-06-12T21:39:01,1686605941,739921141
8363192,2023-06-12T21:39:02,1686605942,739921142
8363192,2023-06-12T21:39:03,1686605943,739921143
8363192,2023-06-12T21:39:05,1686605945,739921145
8363192,2023-06-12T21:39:06,1686605946,739921146
8363192,2023-06-12T21:39:07,1686605947,739921147
8363192,2023-06-12T21:39:09,1686605949,739921149
8363192,2023-06-12T21:39:10,1686605950,739921150
8363192,2023-06-12T21:39:11,1686605951,739921151
8363192,2023-06-12T21:39:12,1686605952,739921152
8363192,2023-06-12T21:39:14,1686605954,739921154
8363192,2023-06-12T21:39:15,1686605955,739921155
8363192,2023-06-12T21:39:16,1686605956,739921156
8363192,2023-06-12T21:39:17,1686605957,739921157
8363192,2023-06-12T21:39:19,1686605959,739921159
8363192,2023-06-12T21:39:20,1686605960,739921160
8363192,2023-06-12T21:39:21,1686605961,739921161
8363192,2023-06-12T21:39:22,1686605962,739921162
8363192,2023-06-12T21:39:23,1686605963,739921163
8363192,2023-06-12T21:39:24,1686605964,739921164
8363192,2023-06-12T21:39:25,1686605965,739921165
8363192,2023-06-12T21:39:27,1686605967,739921167
8363192,2023-06-12T21:39:28,1686605968,739921168
8363192,2023-06-12T21:39:29,1686605969,739921169
8363192,2023-06-12T21:39:30,1686605970,739921170
8363192,2023-06-12T21:39:31,1686605971,739921171
8363192,2023-06-12T21:39:32,1686605972,739921172
8363192,2023-06-12T21:39:33,1686605973,739921173
8363192,2023-06-12T21:39:34,1686605974,739921174
8363192,2023-06-12T21:39:35,1686605975,739921175
8363192,2023-06-12T21:39:37,1686605977,739921177
8363192,2023-06-12T21:39:38,1686605978,739921178
8363192,2023-06-12T21:39:39,1686605979,739921179
8363192,2023-06-12T21:39:40,1686605980,739921180
8363192,2023-06-12T21:39:42,1686605982,739921182
8363192,2023-06-12T21:39:43,1686605983,739921183
8363192,2023-06-12T21:39:44,1686605984,739921184
8363192,2023-06-12T21:39:45,1686605985,739921185
8363192,2023-06-12T21:39:46,1686605986,739921186
8363192,2023-06-12T21:39:48,1686605988,739921188
8363192,2023-06-12T21:39:49,1686605989,739921189
8363192,2023-06-12T21:39:50,1686605990,739921190
8363192,2023-06-12T21:39:51,1686605991,739921191
8363192,2023-06-12T21:39:52,1686605992,739921192
8363192,2023-06-12T21:39:54,1686605994,739921194
8363192,2023-06-12T21:39:55,1686605995,739921195
8363192,2023-06-12T21:39:57,1686605997,739921197
8363192,2023-06-12T21:39:58,1686605998,739921198
8363192,2023-06-12T21:39:59,1686605999,739921199
8363192,2023-06-12T21:40:01,1686606001,739921201
8363192,2023-06-12T21:40:02,1686606002,739921202
8363192,2023-06-12T21:40:03,1686606003,739921203
8363192,2023-06-12T21:40:04,1686606004,739921204
8363192,2023-06-12T21:40:06,1686606006,739921206
8363192,2023-06-12T21:40:07,1686606007,739921207
8363192,2023-06-12T21:40:08,1686606008,739921208
8363192,2023-06-12T21:40:10,1686606010,739921210
8363192,2023-06-12T21:40:11,1686606011,739921211
8363192,2023-06-12T21:40:12,1686606012,739921212
8363192,2023-06-12T21:40:14,1686606014,739921214
8363192,2023-06-12T21:40:17,1686606017,739921217
8363192,2023-06-12T21:40:19,1686606019,739921219
8363192,2023-06-12T21:40:21,1686606021,739921221
